51: 52 129 | 86 30
82: 52 97 | 86 16
72: 75 52 | 85 86
118: 28 86 | 62 52
104: 23 52 | 9 86
36: 52 23 | 86 62
34: 86 113
39: 52 56
58: 116 86 | 28 52
79: 9 86 | 54 52
33: 28 115
105: 75 52 | 83 86
30: 27 52 | 46 86
107: 51 52 | 112 86
10: 86 102 | 52 36
112: 86 87 | 52 103
24: 49 86 | 37 52
135: 15 86 | 28 52
84: 3 52 | 132 86
15: 52 52 | 86 52
95: 86 18 | 52 94
48: 40 86 | 63 52
116: 115 115
28: 86 52 | 52 86
61: 22 52 | 41 86
26: 116 86 | 75 52
49: 78 52 | 65 86
20: 86 55 | 52 34
41: 86 116 | 52 15
87: 39 86 | 47 52
100: 23 52 | 116 86
129: 86 58 | 52 81
4: 86 86 | 86 52
8: 42
121: 116 86 | 9 52
119: 86 56 | 52 4
133: 52 73 | 86 44
35: 52 96 | 86 116
32: 86 92 | 52 1
113: 86 86
97: 83 86 | 113 52
89: 96 52 | 56 86
3: 86 5 | 52 118
2: 86 122 | 52 80
120: 23 52 | 96 86
56: 52 86 | 86 86
52: b
19: 86 83 | 52 15
22: 52 116 | 86 4
71: 52 85 | 86 54
74: 86 56
130: 52 75 | 86 23
80: 52 72 | 86 7
40: 98 86 | 38 52
50: 52 124 | 86 60
108: 52 75 | 86 85
64: 125 86 | 26 52
78: 86 56 | 52 28
43: 52 81 | 86 46
85: 52 52 | 52 86
128: 90 52 | 121 86
110: 85 86 | 68 52
14: 52 117 | 86 69
101: 4 52 | 113 86
117: 52 50 | 86 99
45: 52 95 | 86 114
29: 52 116 | 86 56
73: 86 110 | 52 17
102: 52 62 | 86 116
134: 52 127 | 86 77
131: 86 54 | 52 4
123: 61 86 | 10 52
54: 86 115 | 52 52
109: 52 76 | 86 14
44: 47 86 | 36 52
124: 52 56 | 86 113
38: 52 130 | 86 105
21: 28 86 | 116 52
65: 86 62 | 52 9
37: 35 52 | 81 86
115: 86 | 52
103: 86 22 | 52 111
53: 86 6 | 52 134
59: 52 91 | 86 19
88: 86 84 | 52 12
12: 86 43 | 52 32
6: 86 82 | 52 59
125: 86 62 | 52 75
27: 28 52 | 23 86
96: 52 86
47: 62 52 | 62 86
9: 52 115 | 86 52
0: 8 11
63: 128 52 | 20 86
68: 86 115 | 52 86
13: 86 4 | 52 75
18: 110 86 | 104 52
126: 88 86 | 107 52
111: 115 4
122: 29 52 | 71 86
16: 56 52 | 75 86
91: 23 86 | 23 52
69: 67 86 | 64 52
70: 53 86 | 48 52
7: 52 113 | 86 15
127: 135 52 | 131 86
57: 17 86 | 34 52
86: a
106: 52 62 | 86 56
11: 42 31
17: 52 56 | 86 23
98: 52 13 | 86 119
92: 86 15 | 52 23
94: 33 86 | 100 52
55: 86 54 | 52 9
132: 101 52 | 108 86
75: 86 86 | 52 52
5: 52 83 | 86 113
60: 116 86 | 96 52
23: 52 52
77: 86 130 | 52 74
99: 124 52 | 89 86
83: 115 86 | 52 52
90: 62 52 | 9 86
42: 109 86 | 66 52
114: 52 57 | 86 93
25: 52 133 | 86 123
62: 86 52
93: 52 79 | 86 120
76: 86 24 | 52 2
66: 86 25 | 52 45
46: 9 115
67: 86 106 | 52 21
31: 52 70 | 86 126
81: 85 86 | 15 52
1: 116 52 | 62 86